Поколение 1:
000000000000000000000
000000000000000000000
000000000000000000000
000000000000000000000
000000000111100000000
000000000111100000000
000000000111100000000
000000000111100000000
000000000000000000000
000000000000000000000
000000000000000000000
000000000000000000000
000000000111100000000
000000000111100000000
000000000111100000000
000000000111100000000
000000000000000000000
000000000000000000000
000000000000000000000
000000000000000000000
000000000000000000000
Поколение 1LOOOOOOOL:
111111111111111111111
111111111111111111111
111111111111111111111
111111111111111111111
111111111111111111111
111111111111111111111
111111111111111111111
111111111111111111111
111111111111111111111
111111111111111111111
111111111111111111111
111111111111111111111
111111111111111111111
111111111111111111111
111111111111111111111
111111111111111111111
111111111111111111111
111111111111111111111
111111111111111111111
111111111111111111111
111111111111111111111
Поколение 2:
000000000000000000000
000000000000000000000
000000000000000000000
000000000011000000000
000000000200200000000
000000001000010000000
000000001000010000000
000000000200200000000
000000000011000000000
000000000000000000000
000000000000000000000
000000000011000000000
000000000200200000000
000000001000010000000
000000001000010000000
000000000200200000000
000000000011000000000
000000000000000000000
000000000000000000000
000000000000000000000
000000000000000000000
Поколение 2LOOOOOOOL:
111111111111111111111
111111111111111111111
111111111111111111111
111111111111111111111
111111111211211111111
111111111111111111111
111111111111111111111
111111111211211111111
111111111111111111111
111111111111111111111
111111111111111111111
111111111111111111111
111111111211211111111
111111111111111111111
111111111111111111111
111111111211211111111
111111111111111111111
111111111111111111111
111111111111111111111
111111111111111111111
111111111111111111111
Поколение 3:
000000000000000000000
000000000000000000000
000000000000000000000
000000000122100000000
000000001300310000000
000000002000020000000
000000002000020000000
000000001300310000000
000000000122100000000
000000000000000000000
000000000000000000000
000000000122100000000
000000001300310000000
000000002000020000000
000000002000020000000
000000001300310000000
000000000122100000000
000000000000000000000
000000000000000000000
000000000000000000000
000000000000000000000
Поколение 3LOOOOOOOL:
111111111111111111111
111111111111111111111
111111111111111111111
111111111122111111111
111111111311311111111
111111112111121111111
111111112111121111111
111111111311311111111
111111111122111111111
111111111111111111111
111111111111111111111
111111111122111111111
111111111311311111111
111111112111121111111
111111112111121111111
111111111311311111111
111111111122111111111
111111111111111111111
111111111111111111111
111111111111111111111
111111111111111111111
Поколение 4:
000000000000000000000
000000000000000000000
000000000100100000000
000000000000000000000
000000010000001000000
000000000011000000000
000000000011000000000
000000010000001000000
000000000000000000000
000000000100100000000
000000000100100000000
000000000000000000000
000000010000001000000
000000000011000000000
000000000011000000000
000000010000001000000
000000000000000000000
000000000100100000000
000000000000000000000
000000000000000000000
000000000000000000000
Поколение 4LOOOOOOOL:
111111111111111111111
111111111111111111111
111111111111111111111
111111111111111111111
111111111111111111111
111111111111111111111
111111111111111111111
111111111111111111111
111111111111111111111
111111111111111111111
111111111111111111111
111111111111111111111
111111111111111111111
111111111111111111111
111111111111111111111
111111111111111111111
111111111111111111111
111111111111111111111
111111111111111111111
111111111111111111111
111111111111111111111
Поколение 5:
000000000000000000000
000000000000000000000
000000000000000000000
000000000000000000000
000000000000000000000
000000000022000000000
000000000022000000000
000000000000000000000
000000000000000000000
000000000000000000000
000000000000000000000
000000000000000000000
000000000000000000000
000000000022000000000
000000000022000000000
000000000000000000000
000000000000000000000
000000000000000000000
000000000000000000000
000000000000000000000
000000000000000000000
